lat: 40.440327
lon: -79.945517
zoom: 20
width: 10
height: 5
