lat: 31.845095 
lon: -101.988534
zoom: 20
width: 5
height: 5
