lat: 40.4423529192
lon: -79.9459527416
zoom: 20
width: 10
height: 5
