lat: 40.576891
lon: -80.580125
zoom: 20
width: 10
height: 5
