lat: 31.844967
lon: -101.995103
zoom: 20
width: 5
height: 5
