header:
  seq: 999
  stamp:
    secs: 1435607489
    nsecs: 924811809
  frame_id: map
status:
  status: 0
  service: 1
latitude: 40.440555
longitude: -79.945918
altitude: -15
position_covariance: [3.9561210000000004, 0.0, 0.0, 0.0, 3.9561210000000004, 0.0, 0.0, 0.0, 7.650756]
position_covariance_type: 2
